1687774 1
368004 123
337551 2
245192 12
216647 3
179745 7
175621 13
147144 5
140646 11
130038 4
122577 23
122372 22
119290 01
117830 07
114856 21
110605 14
108130 10
103894 8
101038 06
99774 08
97809 15
96203 6
92953 69
90848 16
88436 9
82361 18
78646 17
75610 05
74221 24
66447 09
57530 25
57495 88
57287 101
57249 19
55963 20
55530 1234
52068 03
50717 04
46252 02
46203 0
46184 27
45442 99
43515 89
42290 26
40660 77
40440 28
39416 33
37948 00
36850 2007
34784 92
34748 2006
33442 93
33269 87
31112 29
30674 94
29289 95
28896 91
28863 2008
28465 90
28097 666
27983 143
26842 55
26109 30
25596 86
24213 32
24130 44
23987 31
23888 96
22749 12345
22277 85
22207 45
22064 2005
21852 34
20959 007
20078 98
19590 84
18801 66
18200 420
18137 1994
17918 97
17829 78
17771 123456
17496 1993
17397 1992
17361 83
17277 100
17196 82
16305 1995
15674 1991
15408 81
15353 79
15306 777
14828 1990
14189 2000
14116 111
13613 56
13547 1989
13403 2004
13124 321
13003 1987
12901 76
12274 1996
12150 67
12113 2009
11420 1988
11333 80
11222 42
11158 75
11062 35
10809 2003
10542 1986
10367 74
10246 72
10228 456
9999 1985
9829 54
9703 36
9554 50
9237 001
9166 333
9153 73
9150 2002
9101 1984
9022 182
8687 911
8503 1997
8463 68
8425 64
8205 40
8040 37
7981 65
7923 2001
7794 71
7785 1982
7731 1983
7583 43
7517 52
7451 555
7438 999
7333 41
7325 1980
7170 47
7131 57
7064 619
7015 2010
6717 1981
6441 38
6226 46
6065 70
6060 63
6024 51
5987 48
5985 789
5958 222
5807 1979
5774 121
5763 1998
5583 58
5431 62
5369 247
5357 53
5328 112
5273 1978
5241 39
5158 59
4955 000
4939 888
4897 234
4887 1212
4822 49
4696 1999
4668 1977
4631 213
4512 360
4504 123456789
4441 60
4376 786
4352 61
4264 200
4228 1976
4203 316
4063 125
4031 214
4017 159
3995 1975
3845 305
3769 187
3659 6969
3515 1974
3436 1973
3421 411
3392 102
3380 147
3194 1010
3134 1972
3054 212
3033 1313
3019 1969
2951 808
2936 345
2933 1970
2933 313
2932 012
2907 124
2837 210
2822 1000
2816 500
2805 311
2792 1971
2780 2011
2780 711
2778 987
2775 122
2728 1111
2675 444
2673 009
2663 2012
2642 323
2620 120
2503 369
2490 117
2428 215
2415 211
2412 300
2384 008
2383 1122
2374 713
2326 567
2318 1968
2315 246
2285 1221
2244 510
2243 135
2207 103
2199 209
2178 1234567
2162 113
2154 310
2144 225
2124 003
2091 1967
2087 520
2077 1213
2062 132
2005 105
1988 1012
1980 223
1980 127
1946 002
1935 011
1933 110
1927 818
1919 1966
1915 718
1905 202
1893 098
1891 108
1883 3000
1879 1020
1879 626
1877 128
1875 1123
1873 109
1866 415
1863 812
1862 312
1852 2121
1848 2525
1836 1314
1831 831
1823 1965
1815 2323
1811 150
1797 909
1794 126
1784 2020
1770 314
1762 714
1756 1964
1753 1223
1741 1210
1737 678
1728 224
1728 118
1724 1023
1724 010
1721 013
1715 115
1711 4321
1707 1230
1688 107
1681 104
1678 145
1676 900
1675 1011
1657 131
1647 916
1646 318
1643 2468
1642 221
1636 106
1636 129
1624 1214
1622 357
1613 114
1607 005
1600 1963
1588 504
1585 216
1575 1013
1564 201
1562 116
1553 1022
1545 512
1540 0123
1536 1224
1534 006
1531 1121
1523 119
1515 413
1511 1231
1506 1024
1503 315
1500 250
1498 217
1495 412
1487 1220
1483 1001
1476 1021
1471 1215
1462 1216
1454 1218
1436 1014
1419 1888
1413 890
1410 2112
1399 600
1398 1025
1391 1211
1391 320
1389 421
1389 220
1387 7777
1375 1205
1374 4444
1372 206
1369 0000
1368 199
1363 1217
1360 134
1358 317
1353 1015
1353 1225
1349 1962
1348 1206
1346 707
1342 515
1336 1228
1335 258
1334 1960
1325 521
1317 1107
1316 303
1314 1017
1310 218
1307 1029
1293 400
1292 004
1283 727
1276 219
1274 1031
1270 410
1267 505
1264 813
1264 408
1261 1018
1259 912
1254 1125
1253 1016
1249 325
1245 1204
1245 1120
1244 1028
1244 014
1237 231
1237 1124
1232 1112
1225 227
1224 2013
1223 130
1215 1026
1215 12345678
1211 1105
1211 2424
1206 1103
1205 133
1203 1027
1203 2222
1200 180
1194 1104
1191 1203
1191 1106
1186 254
1180 1207
1180 423
1176 1202
1175 1414
1174 1219
1172 205
1169 513
1168 324
1166 805
1166 525
1164 1227
1160 1208
1158 1127
1158 511
1157 023
1146 1019
1144 021
1142 54321
1139 1030
1133 1961
1130 617
1128 721
1126 809
1126 1226
1122 612
1116 228
1115 1129
1110 1515
1101 1229
1101 156
1100 717
1099 1126
1095 151
1090 913
1087 1959
1086 1004
1082 1201
1080 322
1079 925
1078 817
1077 1005
1076 9999
1074 1128
1074 319
1071 414
1071 203
1068 1209
1065 723
1061 1102
1060 712
1056 226
1055 623
1052 137
1051 2345
1049 1002
1045 017
1045 326
1044 910
1043 1108
1041 365
1038 616
1037 232
1036 327
1033 516
1029 5150
1027 654
1027 1101
1017 1130
1014 611
1014 144
997 828
996 710
994 8888
994 523
986 419
985 1003
985 613
977 5678
969 422
967 1007
967 921
966 425
966 1958
965 416
961 915
959 951
956 016
956 138
955 169
953 562
952 923
950 198
948 015
948 426
945 328
941 1222
941 702
940 615
936 0506
936 501
935 190
934 610
933 1006
931 637
930 191
929 816
926 2526
921 141
921 800
919 811
916 963
915 522
912 720
912 330
907 242
906 919
905 716
904 424
902 1109
900 189
899 852
899 256
899 787
897 715
896 427
895 301
894 1957
894 918
893 823
893 1956
890 914
887 018
886 207
884 614
880 331
879 602
878 123123
874 530
872 741
872 920
